login,name,company,location,email,hireable,bio,public_repos,followers,following,created_at
mosh-hamedani,Mosh Hamedani,,"Melbourne, Australia",,false,I train software engineers that companies love to hire. ,27,12788,1,2013-09-12T04:38:33Z
TheCherno,Yan Chernikov,,"Melbourne, Australia",,false,,35,11235,4,2012-02-26T08:39:00Z
haileys,Hailey Somerville,,Naarm / Melbourne,hailey@hailey.lol,false,,372,9391,104,2010-01-09T14:49:23Z
rstacruz,Rico Sta. Cruz,,"Melbourne, AU",,true,@rstacruz@hachyderm.io,562,6435,25,2009-04-16T09:46:24Z
jesseduffield,Jesse Duffield,,Melbourne,jessedduffield@gmail.com,false,"Creator of lazygit, lazydocker, horcrux, and the OK? language",60,4580,4,2014-08-15T09:18:18Z
basarat,Basarat Ali Syed,HTTPS://BOOLEANART.COM,"Melbourne, Australia",,false,Creating educational developer content and coding practices 🌹,442,3995,55,2011-06-25T07:41:43Z
markdalgleish,Mark Dalgleish,REMIX-RUN,"Melbourne, Australia",,true,"🦄 CSS Modules co-creator / 💿 @remix-run at @shopify 🛍️ / 🧁 Vanilla Extract / Creator of Braid, Playroom / MelbJS organiser / dad x4",240,3149,80,2011-03-29T07:10:09Z
JakeLin,Jake Lin,REALESTATE-COM-AU,"Melbourne, Australia",JakeLinAu@gmail.com,true,"Dad of 👶👦, iOS & Android dev and Senior Mobile Tech Lead @ REA. Passionate about design, animation, kid coding, ₿ and AI. Make @IBAnimatable and SwiftWeather",78,2682,41,2011-01-20T03:22:02Z
binarythistle,Les Jackson,,Melbourne,,false,,54,2670,0,2011-05-28T11:11:48Z
radar,Ryan Bigg,,"Warrnambool (Outer outer western Melbourne),  Australia",me@ryanbigg.com,true,"Award-winning super-hero published author with a Ruby addiction, a love for TypeScript and React, and extreme fondness for Elixir.",229,2096,5,2008-03-10T13:28:14Z
mishmanners,"Michelle ""MishManners®™"" Duke",GITHUB,"Melbourne, Australia",,false,"I'm a Content Producer working in tech & innovation. Known as the “Hackathon Queen®™” 👑 I work with people to create ideas, deliver outcomes, and drive change.",124,1876,80,2018-02-18T11:07:49Z
timacdonald,Tim MacDonald,LARAVEL,"Melbourne, Australia",,false,"🐘 Core Team Member @laravel; 📦 Building packages for fun; 📣 Speaking, Blogging, Viming; ✌️ He/Him",50,1435,1,2016-12-28T04:15:41Z
TuPayChain,TuPay ,TUPAY CHAIN,MELBOURNE,,true,"“TUPE"" The world’s leading blockchain ecosystem and digital asset exchange. and binging to crypto currency’s online payments platform with multiple services.
",2,1365,0,2019-04-19T01:19:49Z
md-5,,SPIGOTMC,"Melbourne, Australia",,false,,156,1349,14,2011-08-27T02:50:58Z
thomasdavis,Thomas Davis,FREE,"Melbourne, Australia",thomasalwyndavis@gmail.com,true,"Co-Founder of cdnjs.com
Co-Founder of jsonresume.org",171,1347,360,2010-09-26T08:07:38Z
geelen,Glen Maddern,,Melbourne/Naarm,glenmaddern@gmail.com,false,,249,1325,2,2008-09-05T05:50:26Z
MugunthKumar,Mugunth Kumar,,"Melbourne, Australia",,false,,46,1289,26,2009-09-22T04:18:37Z
tseemann,Torsten Seemann,THE UNIVERSITY OF MELBOURNE,"Melbourne, AUSTRALIA",,false,Bioinformatics and  genomics for public health and  clinical microbiology,122,1137,14,2010-10-26T02:10:42Z
loftwah,Dean Lofts,,"Melbourne, Australia",dean@deanlofts.xyz,true,"DevOps Engineer, Music Producer, and big fan of Open Source.",316,1093,454,2016-06-14T05:36:22Z
rogerclarkmelbourne,Roger Clark,ROGER CLARK,"Melbourne, Australia",,true,I'm a freelance technology consultant currently based in Melbourne Australia,14,1048,0,2013-12-09T23:17:39Z
jxom,,,"Melbourne, Australia",,false,⦻,185,997,27,2014-04-18T11:35:39Z
rrwick,Ryan Wick,UNIVERSITY OF MELBOURNE,"Melbourne, Australia",,false,I'm a bioinformatician with a focus on bacterial genome assembly.,57,974,1,2014-03-25T01:20:52Z
abruzzi,Juntao Qiu,ATLASSIAN,"Melbourne, Australia",juntao.qiu@gmail.com,false,"I help people write better code. I'm the author of ""Test-Driven Development with React"" and some other technical books. Entry-level UX designer.",303,963,25,2009-09-02T10:08:28Z
kitsonk,Kitson Kelly,CTO-LABS,"Melbourne, Australia",,false,"Principal Technologist @CTO-Labs. Ex-core team @denoland, author of @oakserver, @ts-why, and @h-o-t",163,948,0,2011-12-23T17:33:22Z
mattgallagher,Matt Gallagher,,"Melbourne, Australia.",,false,,16,929,0,2008-10-08T08:02:27Z
sidorares,Andrey Sidorov,TACTIQ,"Melbourne, Australia",andrey.sidorov@gmail.com,true,,171,922,1371,2009-12-28T13:05:40Z
benschwarz,Ben Schwarz,CALIBREAPP,"Melbourne, Australia",,false,Founder & CEO @calibreapp ,125,919,50,2008-02-26T12:54:41Z
philnash,Phil Nash,DATASTAX,Melbourne ,philnash@gmail.com,false,🥑 Developer relations engineer at DataStax | 🎤 international speaker | 📝 writer | 🌭 sausage dog owner | 🍻 beer lover,305,910,144,2008-10-28T15:52:37Z
Viralmaniar,Viral Maniar,PREEMPTIVE CYBER SECURITY PTY LTD,"Melbourne, Victoria, Australia",,false,,51,807,85,2013-02-07T12:22:09Z
iancoleman,,,Melbourne,,false,,89,776,2,2011-12-23T04:06:46Z
brendanzab,Brendan Zabarauskas,YESLOGIC,"Melbourne, Australia",,false,"I'm interested in how computers can extend human creativity, and how how type systems can be used as tools for thought. 👨‍🎨👨‍💻👨‍🔬",108,765,314,2011-03-28T13:17:27Z
dpgeorge,Damien George,,"Melbourne, AU",damien@micropython.org,false,,18,748,0,2013-12-15T00:16:16Z
tmeasday,Tom Coleman,CHROMAUI,"Melbourne, Australia",tom@thesnail.org,false,,369,746,9,2009-09-29T05:35:19Z
Expensify,"Expensify, Inc",,"San Francisco, Ironwood, Denver, London, Berlin, Melbourne, Portland",,false,,57,740,0,2010-11-11T03:59:16Z
AliasIO,Elbert Alias,WAPPALYZER,"Melbourne, Australia",,true,,17,733,2,2009-04-24T03:14:23Z
jcouyang,Jichao Ouyang,MYOB-TECHNOLOGY <=< @THOUGHTWORKS,"Melbourne, AU",oyll@duck.com,false,"
    不会 Haskell 的 Scala 程序员写不出好的 JavaScript。
",179,704,28,2011-12-02T02:18:01Z
kivikakk,Asherah Connor,,"Melbourne, Australia",ashe@kivikakk.ee,false,Systems engineer.,68,686,20,2008-03-01T22:27:00Z
nnethercote,Nicholas Nethercote,FUTUREWEI-TECH,"Melbourne, Australia",,false,"Working on @rust-lang for @futurewei-tech. Previously worked on Valgrind and Firefox. No interest in cryptocurrencies,  blockchain, or AI. he/him (or they/them)",68,670,0,2012-07-09T02:32:15Z
ryanseddon,Ryan Seddon,ZENDESK @ZENDESKGARDEN,"Melbourne, Australia",,false,,101,665,26,2009-10-22T22:13:53Z
jaydenseric,Jayden Seric,TRICENTIS,"Melbourne, Australia",me@jaydenseric.com,false,"JS engineer, GraphQL multipart request (file uploads) spec author.

Principal Software Engineer at Tricentis.",104,664,34,2012-05-19T13:43:04Z
initstring,initstring,,"Melbourne, Australia",,false,Hacker.,30,652,0,2017-03-02T04:36:08Z
Anon-Exploiter,Syed Umar Arfeen,EY,"Melbourne, Australia",,true,Senior Offensive Security Consultant at EY ASC,124,618,0,2016-04-21T14:15:42Z
bardiharborow,Bardi Harborow,OCTOENERGY,"Melbourne, Australia",bardi@bardiharborow.com,false,,33,615,26,2011-09-23T11:46:51Z
xaviershay,Xavier Shay,,"Melbourne, Australia",contact@xaviershay.com,false,,213,612,17,2008-02-29T11:48:51Z
elliotcondon,Elliot Condon,,"Melbourne, Australia",,false,,0,583,0,2012-09-07T03:25:13Z
dicook,Dianne Cook,MONASH UNIVERSITY,"Melbourne, Australia",,false,"Professor, Econometrics and Business Statistics, Monash University, Melbourne, Australia. Fellow of the ASA, Elected Member of the R Foundation and ISI. ",99,579,3,2010-04-26T15:14:08Z
Karolyna84,Karolyna,,Melbourne,,false,,37,573,18505,2018-09-25T18:35:57Z
priseborough,Paul Riseborough,GNC SOLUTIONS PTY LTD,"Melbourne, Australia",,true,I have over  30 years in aerospace working for academic and defense industry organisations and now provide GNC consulting services to the UAS sector.,19,560,1,2013-02-14T20:04:16Z
drewnoakes,Drew Noakes,MICROSOFT,"Melbourne, Australia",,false,,156,533,212,2010-08-01T18:21:32Z
wahyd4,Junwei Zhao,,Melbourne ♡ Chengdu,wahyd4@gmail.com,true,Cloud Engineer loves Containers🐳,118,532,110,2011-06-08T03:11:24Z
wireghoul,Eldar Marcussen,,"Melbourne, Australia",,false,www.justanotherhacker.com,62,528,44,2009-06-06T10:12:44Z
pat,Pat Allan,,Naarm / Birrarung-ga / Melbourne AU,,false,"Gelato connoisseur, pancake master, recovering events organiser, and web developer.",221,499,10,2008-04-01T01:12:11Z
abolkog,Khalid Elshafie,NYALADEV,Melbourne Australia,,false,"Father 👪 Youtuber, Contents Creator, 
Tech StartUp Co-Founder, Software Engineer located @ 🇦🇺. Speaks Arabic, English,JavaScript,Java, PHP and Others",31,498,2,2013-03-14T07:13:24Z
fraserxu,Fraser Xu,ENVATO,Melbourne ,,false,:New: Add a bio.,186,470,49,2011-11-09T14:26:36Z
mokagio,Gio Lodi,MOKACODING,"Melbourne, Australia",,true,"iOS testing and automation consultant by day, functional programming rookie by night.",273,470,79,2011-11-24T15:33:08Z
trevorstephens,Trevor Stephens,XERO,"Melbourne, Australia",,false,,7,469,30,2013-08-12T04:11:08Z
amanda08,Amanda Neumann,,"Melbourne, Australia",,true,,20,463,2,2013-05-06T23:16:15Z
toolmantim,Tim Lucas,,"Melbourne, Australia",t@toolmantim.com,false,,105,461,66,2008-02-07T03:21:59Z
daurnimator,,,"Melbourne, Australia",quae@daurnimator.com,true,Developer; Software Architect; @ziglang and @lua Lover; Electrical Engineer; @hashbang Sysadmin and Teacher; @MelbourneWireless node.,168,457,136,2009-09-17T03:45:52Z
mitchmindtree,,NANNOU-ORG,Melbourne,,true,,224,455,36,2013-06-01T13:27:18Z
hamishwillee,Hamish Willee,JENOSAM PTY LTD,"Melbourne, Australia",,true,"Freelance Technical Author specialising in developer docs for software/hardware. Has worked for Auterion, Mozilla, Nokia, Symbian, 3DR, DomainGroup.",120,451,0,2013-09-02T23:47:06Z
kolber,Anthony Kolber,,"Melbourne, Australia",hi@kolber.info,false,,44,430,122,2008-05-14T23:44:28Z
hugomd,Hugo,CASHAPP @BLOCK,"Melbourne, Australia",,false,fetching bio...,163,430,377,2012-04-16T01:07:26Z
joho,John Barton,AMBERELECTRIC,"Melbourne, Australia",,false,,72,429,90,2008-03-29T00:06:09Z
merill,Merill Fernando,MICROSOFT,"Melbourne, Australia",,false,Principal Product Manager @microsoft ,57,425,21,2011-12-27T11:43:20Z
UnexpectedMaker,Unexpected Maker,UNEXPECTED MAKER,"Melbourne, Australia",seon@unexpectedmaker.com,true,"I'm Seon, the Unexpected Maker! Join me on my journey as I make & possibly break all sorts of projects I am interested in, all from the comfort of your couch!",55,424,14,2012-12-31T01:27:28Z
jagregory,James Gregory,THOUGHTWORKS,"Melbourne, Australia",james@jagregory.com,true,,141,416,40,2008-05-20T00:09:42Z
moroshko,Misha Moroshko,,"Melbourne, Australia",michael.moroshko@gmail.com,false,"I build products that make humans happier. Previously Front End engineer 
@facebook. Now, reimagining live experiences at https://surreal.live",127,414,4,2010-04-29T15:31:30Z
davkean,David Kean,MICROSOFT,"Melbourne, Australia",davkean@microsoft.com,false,"I work on Visual Studio @ Microsoft. Previously .NET.
He/Him.",51,404,0,2011-10-05T05:29:15Z
jni,Juan Nunez-Iglesias,"MONASH ERESEARCH CENTRE, MONASH UNIVERSITY","Melbourne, VIC, Australia",juan.nunez-iglesias@monash.edu,false,,303,379,9,2010-11-22T22:56:44Z
chendo,chendo,ASSEMBLYFOUR,"Melbourne, Australia",,false,Product engineer. Performance enthusiast. Creator of Shortcat.app,219,378,35,2008-03-09T23:46:01Z
Benjamin-Dobell,Benjamin Dobell,,"Melbourne, Australia",,true,,183,374,5,2010-11-15T13:55:28Z
justinsteven,Justin Steven,,"Melbourne, Australia",,false,"Software security, code review, application penetration testing, computer nerdry",31,371,0,2012-06-26T12:04:04Z
nickgammon,Nick Gammon,,"Melbourne, Australia",,false,,25,370,0,2010-01-19T02:23:00Z
evgenyneu,Evgenii Neumerzhitckii,,"Melbourne, Australia",,true,🐋🦔🐢🐝wow,119,358,2,2011-06-28T03:10:54Z
azz,Lucas Azzola,UP-BANKING,"Melbourne, Australia",,false,"
    Full Stack Software Engineer, JavaScript enthusiast.
",138,358,75,2012-01-01T16:48:17Z
taitems,Tait Brown,A CLOUD GURU,"Melbourne, Australia",taitbrown@gmail.com,true,,48,355,5,2010-04-01T01:15:03Z
alexhude,Alexander Hude,,"Melbourne, Australia",,false,Security Researcher ❖ Hardware Hacker ❖ Quality tools writer,16,355,0,2015-07-31T04:56:30Z
waferbaby,d,GET-MOSH,Melbourne,,false,I do the stuff on the Internets.,8,354,286,2008-02-27T04:09:49Z
Sutto,Darcy Laycock,TIDY HQ,"Melbourne, Australia",sutto@sutto.net,false,,123,353,240,2008-02-21T05:29:17Z
chrisleekr,Chris Lee,LUXURY ESCAPES,"Melbourne, Australia",,false,,25,343,68,2013-10-18T06:35:13Z
aidansteele,Aidan Steele,,"Melbourne, Australia",,false,,181,338,10,2010-08-18T23:43:45Z
sj26,Samuel Cochran,BUILDKITE,"Melbourne, Australia",sj26@sj26.com,false,,338,338,19,2008-06-17T11:06:11Z
justinfrench,Justin French,,"Melbourne, Australia",justin@indent.com.au,false,,7,335,43,2008-04-05T04:56:39Z
vektah,Adam Scarr,SQUARE,"Melbourne, Australia",adam@vektah.net,false,,69,331,13,2012-08-30T11:31:37Z
aaronparker,Aaron Parker,,"Melbourne, Australia",aaron@stealthpuppy.com,false,"Senior Staff Engineer in the Office of the CTO @Get-Nerdio. End-user computing, modern workplace, enterprise mobility specialist",32,330,31,2014-07-21T18:39:48Z
aershov24,Alex Ershov,"FULLSTACK.CAFE, MLSTACK.CAFE","Melbourne, VIC",,false,,58,328,11,2015-07-29T06:12:24Z
wolfeidau,Mark Wolfe,,"Melbourne, Australia",mark@wolfe.id.au,false,"Developer, mostly Go, Javascript and AWS, occasional IoT / Robotics builder, quintessential Generalist, always building something.",449,327,88,2009-01-31T02:05:51Z
eugeneware,Eugene Ware,,"Melbourne, Australia",,false,,254,325,149,2008-12-03T23:25:48Z
deoxxa,Conrad Pankoff,SERIOUS BUSINESS,"Melbourne, Australia",deoxxa@fknsrs.biz,true,,356,325,54,2010-11-12T16:22:12Z
Rosuav,Chris Angelico,,"Melbourne, AU",rosuav@gmail.com,true,"Python and JavaScript tutor, networking addict, and Pike fanatic.",217,319,1,2011-02-27T07:30:39Z
tabs-not-spaces,Ben R.,PATCHMYPCTEAM,"Melbourne, Australia",,false,Automation Engineer. Guitarist for a band you might never see play. Loves powershell. Coffee obsessed.,105,317,11,2017-11-24T07:34:40Z
edhinrichsen,Ed Hinrichsen,,Melbourne,,false,Award winning web dev & full-stack software engineer. See edh.dev for all my projects.,3,310,8,2015-02-20T10:26:16Z
ihadeed,Ibby Hadeed,,"Melbourne, VIC, Australia",,true,,114,308,0,2015-08-14T08:06:55Z
RManLuo,Linhao Luo (Raymond),MONASH UNIVERSITY,Melbourne,,false,"Stu. AI, Graph, LLMs, Security",87,307,234,2017-12-21T08:36:45Z
rfk,Ryan Kelly,HARRISON.AI,"near Melbourne, Australia",ryan@rfk.id.au,false,,73,300,1,2008-11-15T23:10:45Z
AndiiCodes,AndiiCodes,RMIT UNIVERSITY,"Melbourne, Australia",,true,Jr. Front-End Dev,9,299,29,2022-10-26T23:50:19Z
srikat,Sridhar Katakam,,"Melbourne, Australia",srikat@gmail.com,false,"I write tutorials on Bricks and WordPress.

https://sridhar.blog",39,297,2,2012-08-21T09:24:23Z
devgeeks,tommy-carlos williams,ADOBE,"Melbourne, Australia",tommy@devgeeks.org,false,"Sr. Lead Software Development Engineer, UI/Front End",92,296,19,2011-01-10T04:15:22Z
joshwnj,Josh Johnston,X-TEAM,"Melbourne, Australia",josh@x-team.com,false,CTO at X-Team,161,294,199,2008-11-26T05:24:20Z
KaelWD,Kael,,"Melbourne, Australia",,true,Vuetify.js core team,63,289,0,2015-12-24T04:59:50Z
andyyhope,Andyy Hope,,"Melbourne, Australia",,true,"iOS Developer/Blogger/Speaker. ❤ Swift. 
andyyhope.com",27,289,21,2011-06-12T09:40:37Z
psifertex,Jordan,,"Melbourne, FL",github@psifertex.com,false,,119,289,46,2009-10-15T15:00:48Z
alanjrogers,Alan Rogers,,"Melbourne, Australia",alanjrogers@me.com,false,,36,286,95,2008-08-31T05:09:54Z
pact-foundation,Pact Foundation,,"Melbourne, Australia",,false,The cross-language distributed contract testing framework.,81,282,0,2015-09-23T20:20:54Z
pjf,Paul Fenwick,PERL TRAINING AUSTRALIA,"Melbourne, Australia",,false,,146,280,38,2008-05-31T14:28:47Z
brainstorm,Roman Valls Guimera,UNIVERSITY OF MELBOURNE,"Melbourne, Victoria, Australia",,false,Working @umccr,69,279,912,2010-01-03T08:31:04Z
dekz,Jacob Evans,0XPROJECT,"Melbourne, Australia",jacob@dekz.net,false,,140,279,112,2008-10-03T09:48:15Z
mohammadKarimi,Mohammad Karimi,ICODENEXT,Melbourne,mha.karimi@gmail.com,true,"I'm Mohammad, I have over 15 years of experience working in software development by using Microsoft tech stack (i.e. C#, Asp.net Core, EntityFramwork core).",8,275,6,2013-08-24T08:20:43Z
abcminiuser,Dean Camera,,"Melbourne, Australia",dean@fourwalledcubicle.com,false,,45,269,3,2009-10-19T13:08:57Z
lox,Lachlan Donald,,"Melbourne, Australia",lachlan@ljd.cc,false,"CI/CD, Golang, llama and whisky enthusiast. VP of Infra Eng at @groq. Formerly @cashapp, Founding @buildkite, @99designs. ",97,269,12,2008-07-02T07:16:20Z
sbarski,Peter Sbarski,A CLOUD GURU,"Melbourne, Australia",,true,,72,267,5,2008-04-04T03:48:40Z
timusus,Tim Malseed,MANTEL GROUP,"Melbourne, Victoria",t.malseed@gmail.com,false,"I'm a software engineer working in Melbourne, Australia.

Android's my jam, but I'm proficient at iOS development as well.",43,266,0,2013-05-14T00:29:55Z
jonoxer,Jonathan Oxer,SUPERHOUSE AUTOMATION / FREETRONICS,"Melbourne, Australia",jon@oxer.com.au,false,,29,261,27,2009-05-21T22:49:52Z
ntwb,Stephen Edgar,NETWEB,"Melbourne, Victoria, Australia",stephen@netweb.com.au,false,"Senior Web Engineer @humanmade

Also @stylelint, @bbpress,
@buddypress, @WordPress Build/Test Tools maintainer
",84,260,259,2011-08-31T08:48:11Z
Alhadis,John Gardner,,"South Yarra, Melbourne, Australia",gardnerjohng@gmail.com,false,Face of a millennial. Heart of a crotchety old BSD hacker.,100,257,36,2012-09-14T12:52:18Z
pento,Gary Pendergast,,"Melbourne, Australia",gary@pento.net,false,Writing bad poetry.,56,257,0,2010-08-03T01:37:22Z
benhoskings,Ben Hoskings,FEROCIA,"Melbourne, Australia",ben@hoskings.net,false,,11,256,5,2008-02-26T00:14:48Z
MelbourneDeveloper,Christian Findlay,,"Melbourne, Australia",,true,"Director of Nimblesite, a Melbourne based software services company focusing on mobile apps with Flutter, .NET and Cloud",53,256,1,2016-01-14T05:08:04Z
japgolly,David Barri,SHIPREQ,"Melbourne, Australia",japgolly@gmail.com,true,,142,253,0,2010-02-13T09:07:27Z
hawkowl,Amber Brown,RED HAT,"Melbourne, Australia",hawkowl@atleastfornow.net,false,bird? bird!,60,248,4,2013-01-18T14:54:16Z
a1studmuffin,Michael Davies,,"Melbourne, Australia",,false,"Gamedev software engineer. Weapons of choice: C, C++, C#, Python.",12,247,16,2014-01-01T02:49:55Z
camjackson,Cam Jackson,,"Melbourne, Australia",,false,,53,246,1,2012-07-06T02:31:01Z
alexbrainman,Alex Brainman,,"Melbourne, Australia",,false,,15,246,0,2014-11-17T06:34:15Z
LucasGarcez,Lucas Garcez,COFFSTACK,Melbourne AU,lucasgarcezdev@gmail.com,true,"CEO na @coffstack. Senior Software Engineer | React Native, TypeScript, React e café.",17,245,38,2015-06-17T16:59:47Z
snyff,Louis Nyffenegger,PENTESTERLAB,Melbourne,*********(a)********.***,false,,66,244,1,2009-01-10T05:07:03Z
eliocamp,Elio Campitelli,,"Melbourne, Australia",,false,PhD Student at University of Buenos Aires,157,243,10,2014-09-01T17:00:10Z
ninxsoft,Nindi Gill,"BLOCK, INC.","Melbourne, Australia",nindi@ninxsoft.com,false,Software Engineer,10,237,0,2013-06-25T04:36:31Z
AlexDBlack,Alex Black,,"Melbourne, Australia",,false,,9,235,0,2012-09-17T05:41:52Z
marcusvolz,Marcus Volz,,Melbourne,,true,Data visualization | math art | generative art,6,235,0,2015-04-20T00:56:54Z
nelix,Nathan Hutchision,,"melbourne, australia",,false,🦄🤳🕳,50,233,1060,2008-11-08T08:35:18Z
JoshuaBatty,Joshua Batty,MINDBUFFER,Melbourne,joshpbatty@gmail.com,false,co-founder of nannou a 'creative coding framework for rust'. ,93,231,46,2011-12-28T01:25:01Z
BeauNouvelle,Beau Nouvelle,IOS DEVELOPMENT CONSULTANT,Melbourne,,true,iOS/OSX Swift Developer.,72,230,18,2015-07-21T22:47:35Z
skorks,Alan Skorkin,,Melbourne,,false,,29,229,31,2009-07-28T11:03:58Z
RoyalIcing,Patrick Smith,TEAM-ALEMBIC @COOL-CALM @COMPONENTSGUIDE @JAVASCRIPTREGENERATED,"Melbourne, Australia",,true,I am working on WebAssembly and Edge cloud stuff @cool-calm and I write @ComponentsGuide,166,229,458,2012-10-23T22:12:13Z
ComponentFactory,Phil Wright,COMPONENT FACTORY,"Melbourne, Australia",phil.wright@componentfactory.com,false,,4,227,0,2015-08-26T22:31:37Z
bentrengrove,Ben Trengrove,,"Melbourne, Australia",,false,Android Developer Relations - Google,22,226,1,2008-08-04T00:49:27Z
karkranikhil,nikhil karkra,,"Melbourne, Australia",karkra.nikhil@gmail.com,false,"Full Stack Javascript Developer, Salesforce Lightning Developer, Cloud, Web Performance, A11y, RWD, PWD Specialist.",431,226,15,2015-04-14T06:11:37Z
SebastianElvis,Runchao Han,BABYLONLABS-IO,"Melbourne, Australia",me@runchao.rocks,true,,96,224,1261,2014-11-05T11:59:00Z
notahat,Pete Yandell,,"Melbourne, Australia",pete@notahat.com,false,"Software engineer/architect, based in Melbourne, Australia.",22,223,5,2008-03-26T03:38:40Z
sampage,Sam Page,,Melbourne,,false,,15,222,22,2011-02-02T06:55:47Z
sporto,Sebastian Porto,,"Melbourne, Australia",s@porto5.com,true,,139,222,59,2011-08-26T01:20:27Z
abcoathup,Andrew B Coathup,BLOCKHORSES,"Melbourne, Australia",,false,Editor at Week in Ethereum News,94,219,41,2017-05-01T23:20:11Z
navidcy,Navid C. Constantinou,UNIVERSITY OF MELBOURNE @UNIMELB,"Melbourne, Australia",,false,oceanography — geophysical fluid dynamics — julia,163,218,286,2014-03-31T07:12:00Z
lachlanhardy,Lachlan Hardy,BLACKMILL,"Melbourne, AU",lachlan@lachstock.com.au,false,,37,218,0,2008-03-24T11:43:45Z
mefellows,Matt Fellows,SMARTBEAR / PACTFLOW.IO,Melbourne,,false,"Pact maintainer, Pactflow co-founder, human(ish)",162,210,21,2009-02-12T11:30:50Z
djmdjm,Damien Miller,,"Melbourne/Naarm, Australia",djm@mindrot.org,false,A structure capable of knowing joy,43,207,0,2009-12-21T00:10:55Z
yob,James Healy,,"Melbourne, Australia",,false,,137,205,70,2008-04-22T07:49:16Z
grahamegrieve,Grahame Grieve,HEALTH INTERSECTIONS PTY LTD,"Melbourne, Australia",grahame@healthintersections.com.au,false,,29,205,0,2013-11-05T09:12:03Z
dhotson,Dennis Hotson,,"Melbourne, Australia",dennis.hotson@gmail.com,false,Hello 😊,57,204,35,2008-08-22T07:00:11Z
arttnba3,arttnba3,"XDSEC, @CTF-WIKI","Melbourne, Australia",,false,Computer Science Enthusiast | System & Architecture | Binary Security | retired CTF Pwner@L-team,28,203,118,2017-05-14T16:01:55Z
Mair,Mair Swartz,HTTPS://HACKHUNTER.IO,Australia Melbourne,mair.swartz@live.com,false,I love playing with technologies from React in the web to embedded programming on the ESP32. I am also an educator and have courses available ,39,202,1,2012-10-03T08:54:05Z
xiaodaigh,evalparse,EVALPARSE,"Melbourne, Australia",zhuojia.dai@gmail.com,false,Machine Learning developer - Julia enthusiast - makes the most popular medium-data tool in R {diskframe.com},113,199,54,2013-05-22T07:59:16Z
ychescale9,Yang,,"Melbourne, Australia",reactivecircus@gmail.com,true,Android and Opensource,40,198,12,2015-03-17T10:31:58Z
dipjyotimetia,Dipjyoti Metia,ANZ,"Melbourne, Australia",,true,Chapter Lead - Testing,458,195,838,2016-04-05T14:33:06Z
DWilliames,David Williames,,"Melbourne, Australia",,false,,29,195,15,2014-02-02T22:59:29Z
0neSe7en,WangSiyuan,CORE0-IO,"Melbourne, Australia",siyuan.se7en@gmail.com,false,,103,195,399,2012-08-28T13:16:58Z
ACloudGuru,A Cloud Guru,,"Melbourne, Australia",support@acloud.guru,false,"The world’s most effective, hands-on, and comprehensive development platform for cloud ☁️ Join 2,000,000+ engineers who have taken courses with A Cloud Guru",81,194,0,2015-06-02T10:38:41Z
mikefarah,Mike Farah,ATLASSIAN,"Melbourne, Australia",,false,,17,194,17,2011-10-25T22:18:17Z
mihar-22,Rahim,VIDSTACK,"Melbourne, Australia",rahim.alwer@gmail.com,false,@vidstack,27,193,24,2015-09-16T02:01:22Z
davidwengier,David Wengier,MICROSOFT,"Melbourne, Australia",,false,"Developer on the Roslyn and Razor IDE team making Visual Studio and Visual Studio Code better for Razor, C# and VB developers everywhere. And I like Lego.",107,193,18,2011-04-27T09:18:12Z
stevage,Steve Bennett,,Melbourne,stevage@gmail.com,true,"Freelance Mapbox guru (Node/Vue preferred). hire.stevebennett.me.
Built opentrees.org,  findmyschool.vic.gov.au,
getlon.lat .
",235,192,19,2011-03-19T07:16:58Z
crafterm,Marcus Crafter,HTTP://REDARTISAN.COM,"Melbourne, Australia",crafterm@redartisan.com,false,,25,187,107,2008-02-19T00:33:01Z
tomdalling,Tom Dalling,,"Melbourne, Australia",,false,,71,186,7,2010-03-10T08:14:13Z
adammurdoch,Adam Murdoch,GRADLE,"Melbourne, Australia",,false,,35,185,0,2009-06-26T21:31:34Z
maks,Maksim Lin,CODEMAGIC CI/CD,"Melbourne, Australia",,true,"Flutter GDE
ex. Android Developer",358,184,17,2009-04-09T02:24:11Z
99designs,99designs,,"Melbourne, Australia",,false,Global creative platform for designers and clients,99,182,0,2008-07-16T03:56:33Z
jessedc,Jesse Collis,SQUAREUP,Melbourne,,false,Software Engineer at @CashApp by Block.xyz,83,182,200,2008-07-18T02:26:01Z
jarshwah,Josh Smeaton,OCTOENERGY,"Melbourne, Australia",josh.smeaton@gmail.com,false,"I'm a software engineer from Melbourne and a former Django core developer. Django, Python, and backend performance optimisation are my passions.",60,180,2,2010-12-30T01:46:11Z
varund7726,Varun Date,,"Melbourne ,Australia",date.varun123@gmail.com,true,"From Pune, India currently staying in Australia. 
Android UI & UX designer & developer ",79,180,3,2013-09-30T19:49:00Z
domesticcatsoftware,Patrick Richards,DOMESTIC CAT PTY LTD,"Melbourne, Australia",pat@domesticcat.com.au,false,,11,180,9,2010-09-24T20:21:15Z
mblode,Matthew Blode,FINGERTIP,"Melbourne, Australia",,false,"I’m Matt, the CTO & co-founder of Fingertip based in Melbourne, Australia",105,179,34,2014-04-05T03:59:28Z
KelvinJin,Jin Wang,UTHOFT,Melbourne,,true,"Love Swift, Love iOS. A programmer & a gamer.",65,177,17,2012-10-13T06:47:52Z
vinhphunguyen,Vinh Phu Nguyen,MONASH UNIVERSITY,"Melbourne, Australia",nvinhphu@gmail.com,false,A computational scientist  working on the computational modelling of the deformation & fracture of solids. ,12,175,1,2011-11-11T03:14:25Z
jeromyanglim,Jeromy Anglim,,"Melbourne, Australia",jkanglim@gmail.com,false,,50,174,23,2009-09-29T05:02:48Z
chris-horner,Chris Horner,CASHAPP,"Melbourne, Australia",chris@horner.chat,false,"Android developer and designer.

One day I'll make games.",38,174,27,2011-12-06T22:59:58Z
SEEK-Jobs,SEEK,,"Melbourne, Australia",,false,"Australia's no. 1 jobs, employment, career and recruitment site.",0,173,0,2012-06-08T02:17:17Z
magnetikonline,Peter Mescalchin,MAGNETIKONLINE,"Melbourne, Australia",peter@magnetikonline.com,false,"Site reliability, cloud, systems tooling & architecture. Runs on a mixture of Python, Golang and Node.js.",66,170,14,2012-06-05T10:11:22Z
mattnotmax,mattnotmax,,"Melbourne, Australia",,false,,17,170,0,2018-05-08T01:04:07Z
sammcj,Sam,DIGIO,"Melbourne, Australia",,false,"DevOps Proponent, Platform Engineer, Music Geek || @s_mcleod@aus.social || 📝 Words are my own or somebody else's 🖖",180,170,112,2011-06-20T23:23:48Z
feit-comp30023-2024,comp30023-2024,THE UNIVERSITY OF MELBOURNE,"Melbourne, Australia",,false,Faculty of Engineering and Information Technology (FEIT) - COMP30023 - 2024,0,170,0,2024-02-26T04:25:41Z
nathanielw,Nate Watson,HTDC,"Melbourne, Australia",nathaniel.nw@gmail.com,false,"Frontend developer //  

Currently taking a break from hobby projects, sorry if I'm slow to reply to any issues :)",35,169,5,2013-06-14T01:47:01Z
neekey,Neekey,NARRATIIVE,"Melbourne, Australia",ni184775761@gmail.com,false,Senior Front End Developer,162,169,104,2010-11-28T10:29:57Z
jimjam-slam,James Goldie,360-INFO,"Melbourne, Australia",me@jamesgoldie.dev,false,Data and Digital Storytelling Lead @360-info. #climatehealth → #datajournalism. Making things for fun and for social good ❤️ He/him,89,168,150,2014-01-28T02:25:44Z
mukul500,Mukul Banga,BACKWINGS STUDIO,"Melbourne, Australia",,true,"A passionate Android developer.I like to work on challenging projects, implement new and challenging things and plays role in almost every aspect of Development",12,168,6,2015-04-06T14:53:59Z
rmit-computing-technologies,RMIT School of Computing Technologies,,"Melbourne, Victoria",,false,,4,167,0,2021-04-06T13:20:48Z
ash47,Ash47,,"Melbourne, Victoria, Australia",,true,"I make things, what ever I feel like, when ever I feel like it.",69,166,1,2013-03-03T09:30:25Z
MattCowgill,Matt Cowgill,,Melbourne,mattcowgill@gmail.com,false,,74,163,230,2014-06-27T06:34:38Z
benbarsdell,Ben Barsdell,,"Melbourne, Australia",,false,,22,162,0,2013-03-26T21:10:27Z
bcgit,Legion of the Bouncy Castle Inc,,"Melbourne, Australia",,false,,8,162,0,2013-05-30T05:06:58Z
willvelida,Will Velida,MANTEL GROUP,"Melbourne, Victoria, Australia",willvelida@hotmail.co.uk,false,Lead Software Engineer @ Mantel Group,217,162,26,2014-07-09T08:59:12Z
ericjiang97,Eric Jiang,GOOGLE,"Taipei, Taiwan | Melbourne, Australia",eric@ericjiang.dev,true,"SWE III @google (Frontend & UX Lead for internal test platform) | Previously Student/SWE MonashUni,  Founder/TL @MonPlan | pfp by twitter.com/sushisamaou",105,162,36,2013-10-15T02:46:02Z
kmkurn,Kemal Kurniawan,UNIVERSITY OF MELBOURNE,Melbourne,kemal@kkurniawan.com,false,,47,160,0,2013-02-18T15:56:08Z
ajfisher,ajfisher,"LOYPAL, ROCKET MELBOURNE","Melbourne, Australia",,true,"Creator of things that combine web, mobile, physical computing & data - sometimes they work. Developer, interaction researcher, NodeBoteer. CTO @loypal",62,159,10,2009-08-25T08:14:04Z
glennawatson,Glenn,,Melbourne Australia ,,true,"Microsoft MVP, .NET Foundation board member, lead maintainer of the ReactiveUI project.",68,159,9,2013-11-01T20:56:20Z
ldiebold,Luke Diebold,AGRIPATH,"Melbourne, VIC, Australia",luke@ldiebold.com,true,Vue + Quasar + Vuex-ORM + Orion = Bliss!,76,159,4,2012-01-05T04:38:23Z
abraunegg,,,"Melbourne, Australia",,false,,4,159,0,2013-07-06T23:09:03Z
ocavue,,,Melbourne,,true,,266,158,159,2016-12-22T11:26:50Z
cjbj,Christopher Jones,ORACLE,"Melbourne, Australia",christopher.jones@oracle.com,false,https://twitter.com/ghrd,37,158,6,2010-02-10T04:29:29Z
xxfast,Isuru Rajapakse,MOTOROLA SOLUTIONS,"Melbourne, Australia ",isurukusumal36@gmail.com,false,Android developer @Gridstone & @MotorolaSolutions,65,158,19,2015-08-13T02:56:53Z
ianw,Ian Wienand,,"Melbourne, Australia",,false,,63,158,0,2009-07-24T20:29:39Z
shsingh,Shain Singh,OWASP @NGINX @F5,"Melbourne, Australia",shsingh@linux.com,true,"Principal Security Architect, OCTO, OSPO @f5  | Project Co-lead @OWASP

",99,157,943,2010-09-23T11:27:27Z
GenevieveBuckley,Genevieve Buckley,MONASH UNIVERSITY,Melbourne,,false,,211,154,206,2017-08-11T06:00:36Z
Djelibeybi,Avi Miller,ORACLE,"Melbourne, Australia",me@dje.li,false,40ish gay male-identifying Aussie-identifying geek. My pronouns are he/him.,64,154,93,2009-07-09T10:53:07Z
sync,Anthony Mittaz,DBLECHOC,"Melbourne, Australia",sync@me.com,true,,73,154,3,2008-08-23T23:54:32Z
geeknam,Nam Ngo,NAB,Melbourne,namngology@gmail.com,true,Passionate about building great digital products.,70,153,221,2010-02-08T15:49:18Z
eigenbom,Benjamin Porter,,"Melbourne, Australia",benjamin.porter@gmail.com,false,,29,153,21,2011-10-05T03:39:12Z
honglytech,Hong Ly ,,"Melbourne, Victoria, Australia",,true,Software Engineer. I love teaching coding!,32,152,0,2016-10-21T08:52:09Z
chengzhag,Cheng Zhang,MONASH UNIVERSITY,"Melbourne, Australia",Cheng.Zhang@monash.edu,false,PhD student at Monash University,41,151,73,2014-10-08T15:07:04Z
Falconerd,Dylan Falconer,,"Melbourne, Australia",me@falconerd.com,true,Life without industry is guilt.,69,151,22,2012-01-18T21:13:28Z
adriangranados,Adrian Granados,INTUITIBITS LLC,"West Melbourne, FL",,false,,23,150,5,2015-05-05T17:39:33Z
ronrest,Ronny Restrepo,SEER MEDICAL,"Melbourne, Australia",,true,"Machine Learning Engineer
building and productionizing Deep Learning models for the diagnosis of Epilepsy. ",81,150,26,2015-02-10T05:29:19Z
feilipu,Phillip Stevens,EMOTIV8,Melbourne Australia,phillip.stevens@gmail.com,true,Gone Bush!,44,150,28,2013-03-24T12:22:28Z
NiREvil,Ransomware Evil,RAYAN EL,"Australia, Melbourne",,false,phD EW,27,149,22,2023-02-24T09:57:18Z
robn,Rob Norris,KLARASYSTEMS,"Bunurong · Melbourne, Victoria",robn@despairlabs.com,false,35 years of computers and this is what I have to show for it 🤷‍♂️,112,148,0,2009-09-24T04:31:36Z
d11wtq,Chris Corbyn,,"Melbourne, Australia",,false,,91,148,15,2008-12-03T03:44:47Z
JohnyXu,Johny Xu,,Melbourne,,false,A Front-end Coder.,15,148,1835,2013-10-22T07:48:01Z
leonyuhanov,Elec Dash Tron,ELEC DASH TRON,"Melbourne, Australia",,false,Public code repository for Wow Elec Tron https://www.instagram.com/wow_elec_tron/,45,147,33,2014-04-25T12:32:20Z
wangdicoder,Di Wang,,"Melbourne, VIC, Australia",wangdicoder@gmail.com,false,Software Engineering Master @ Unimelb,28,146,12,2014-04-22T14:39:12Z
taybenlor,Ben Taylor,STILE EDUCATION,"Melbourne, Australia",me@taybenlor.com,false,Developer / Designer / Educator who ❤️ EdTech,66,145,29,2009-10-09T01:05:28Z
x-team,X-Team,,"Melbourne, Australia",,false,,78,145,0,2009-11-05T20:59:55Z
simontime,Simon Aarons,,"Melbourne, Australia",,false,,99,144,71,2018-07-03T06:41:38Z
rajyraman,Natraj Yegnaraman,,"Melbourne, Australia",,false,Self taught developer who loves Power Platform and Azure,98,143,183,2013-07-18T00:51:38Z
davidobrien1985,David O'Brien,ARGOS-AU,Melbourne / Australia,,true,"Founder of @argos-au & @xirus-au , Microsoft Azure cloud architect and Microsoft Azure MVP (Microsoft Most Valuable Professional). ",82,143,2,2014-08-26T08:40:46Z
josephsurin,Joseph Surin,,"Melbourne, Australia",joseph.surin@gmail.com,false,hack,54,142,37,2015-10-05T12:03:03Z
tgdwyer,Tim Dwyer,MONASH UNIVERSITY,"Melbourne, Australia",tgdwyer@gmail.com,false,,32,141,1,2012-11-08T23:38:57Z
nataliethenerd,,,"Melbourne, Australia",,false,"self taught baby programmer and maker

support my board scans on ko-fi!",17,141,26,2021-02-20T05:30:10Z
wilba,Wilba,WILBA.TECH,"Melbourne, AU",wilba@wilba.tech,false,,6,141,10,2014-12-11T11:31:26Z
gavinballard,Gavin Ballard,DISCO,Melbourne,gavin@gavinballard.com,false,,32,141,29,2011-03-31T21:38:40Z
bungnoid,Grant Laker,FIN DESIGN AND EFFECTS,"Melbourne, Australia",grant@bungnoid.com,true,,46,140,18,2011-08-10T18:49:17Z
skoval,,ZELUS ANALYTICS,"Melbourne, Australia",s.a.kovalchik@gmail.com,false,"I am a senior data scientist at Zelus Analytics, where we are building the world's best sports intelligence platforms.",41,140,2,2011-11-26T18:14:31Z
prodigysml,Sajeeb Lohani (sml555 / prodigysml),BUGCROWD,"Melbourne, Australia",,false,,24,139,84,2016-02-01T02:09:17Z
JacksonBates,Jackson Bates,ATOMI,"Melbourne, Australia",,true,"Chaos monkey



",71,139,32,2013-05-04T06:32:41Z
plasticine,Justin Morris,FEROCIA,"Melbourne, Australia",desk@pixelbloom.com,false,"Code @ferocia, previously @buildkite & @conversation",141,139,140,2008-07-23T06:00:48Z
timbertson,Tim Cuthbertson,,"Melbourne, Australia",tim@gfxmonk.net,false,,222,138,3,2008-06-18T12:19:11Z
NullTerminatorr,,,"Melbourne, Australia",,false,,13,138,0,2018-01-24T03:29:45Z
julia-,Julia,RAYWHITE,Melbourne,,true,Developer,42,138,55,2014-01-17T02:01:37Z
ibracorp,IBRACORP,,"Melbourne, Australia",,false,"Modern Problems, Modern Solutions.",8,138,0,2020-06-27T02:14:35Z
mariovisic,Mario Visic,,"Melbourne, Australia",,false,"Hi 👋

I'm passionate about software engineering and teaching. I make video tutorials to teach programming through building simple 2d games :)",89,138,15,2009-08-05T12:59:44Z
JaseZiv,Jason Zivkovic,,"Melbourne, Australia",,false,,44,138,58,2017-08-30T09:20:53Z
mdneuzerling,David Neuzerling,,"Melbourne, Australia",,false,Data scientist and R engineer. Also Python and Julia. He/him.,63,138,9,2015-10-03T20:48:01Z
minghao-wu,Minghao Wu,MONASH UNIVERSITY,"Melbourne, Australia",,true,Ph.D. student at Monash University,11,137,25,2016-03-14T00:27:17Z
DavidArayan,David Arayan,PLATTAR,Melbourne,info@astrumforge.com,false,"Co-Founder and Lead Software Engineer @Plattar. Founder/CEO @astrum-forge.

Polyglot Software Developer.",11,137,2,2014-05-15T03:06:14Z
loklaan,Lochlan Bunn,CANVA,"Melbourne, Australia",bunn@lochlan.io,false,creative tech fanboy. avid. product engineering work.,100,136,258,2012-03-21T09:25:30Z
DanielThomas,Danny Thomas,NETFLIX,"Melbourne, Australia",,false,Developer Productivity / JVM Ecosystem @ Netflix,73,135,7,2012-02-27T18:06:20Z
learntodroid,Jarrod Lilkendey,LEARNTODROID.COM,"Melbourne, Australia",,false,,46,135,0,2019-10-02T13:42:22Z
eliotharper,Eliot Harper,,"Melbourne, Australia",eliot@eliot.com.au,true,,19,134,4,2013-01-15T22:26:50Z
philipbelesky,Philip Belesky,,"Melbourne, Australia",,false,building tools for the built environment,36,134,131,2010-11-25T05:12:06Z
emilytrau,Emily Trau,,"Melbourne, Australia",,false,🏳️‍⚧️ | @NixOS committer,64,134,54,2015-07-10T04:55:23Z
josh-,Josh Parnham,,"Melbourne, Australia",,false,"Software Developer 👨‍💻 Enjoys laptop stickers, a good coffee and tinkering with cool tech ✌️",87,133,71,2011-04-06T10:09:25Z
mutoo,Lingjia Liu,CANVA,"Melbourne, Australia",gmutoo@gmail.com,false,Geek / Web Developer / Game Programmer,32,133,96,2011-04-05T12:15:38Z
KieraDOG,Long Zhao,QANTAS,Melbourne AU,zlong@outlook.com,false,,15,133,1,2014-01-21T04:43:31Z
harsilspatel,Harsil Patel,ATLASSIAN,"Southbank (Melbourne), Australia",,false,,28,131,87,2017-02-24T00:19:57Z
mitchdenny,Mitch Denny,MICROSOFT,"Melbourne, Australia",mitch@mitchdenny.com,false,Helping make distributed application development better for .NET developers with .NET Aspire and ASP.NET Core.,171,131,23,2010-12-07T16:55:10Z
martinbjeldbak,Martin Bjeldbak Madsen,ANZX,"Melbourne, Australia",me@martinbjeldbak.com,false,﻿🇩🇰 in 🇦🇺,46,131,538,2011-06-01T15:02:16Z
jmattsson,Jade Mattsson,,"Melbourne, Australia",,false,,22,130,0,2011-06-23T05:57:04Z
lvjian700,Jian Lyu,CANVA,"Melbourne, Australia",lvjian700@gmail.com,true,Platform Eng at Canva,30,130,158,2010-12-21T14:30:53Z
plutext,Jason Harrop,PLUTEXT,Melbourne,jason@plutext.org,true,,273,129,12,2011-08-30T12:54:06Z
geekscape,Andy Gelme,GEEKSCAPE PTY. LTD.,"Melbourne, Australia",,true,Hacker At Large !,61,129,79,2009-04-19T14:16:26Z
Aisuko,Aisuko,RMIT,"Melbourne, Australia",bowen.li@rmit.edu.au,true,Member of the GNU Hurd and @meshery @go-skynet | previously @rancher | Founder of @SkywardAI  | Casual Researcher at RMIT,22,128,30,2014-07-03T03:09:36Z
dusterio,Denis Mysenko,TIXELROCKS,"Melbourne, Australia",,false,"IT wizard, aikidoka and scuba diver. Also a Dj",17,128,4,2015-02-17T05:32:16Z
vertxxyz,Thomas Ingram,EFFORT STAR,"Melbourne, Australia",,false,"Unity developer, tools developer, tech artist and tech writer.",29,128,12,2016-09-03T01:14:01Z
EllyLoel,Elly Loel,,"Naarm (Melbourne, Australia)",hello@ellyloel.com,false,Front-end developer/designer and accessibility specialist,39,127,172,2020-04-15T22:05:44Z
akmand,Dr. David Akman,RMIT UNIVERSITY,"Melbourne, Australia",,false,,10,127,0,2015-08-20T09:46:55Z
engram-design,Josh Crawford,S. GROUP + VERBB,"Melbourne, Australia",josh@verbb.io,true,,25,127,6,2011-11-26T07:05:07Z
okeeffed,Dennis O'Keeffe,NODULARCO @AUSPAYPLUS,"Melbourne, Aus",hello@dennisokeeffe.com,false,"Melbourne. Wannabe founder.

Current: @auspayplus. Previously: @visibuild @cultureamp @usabilityhub.",228,127,40,2013-07-05T07:34:32Z
tqwewe,Ari Seyhun,,"Melbourne, Australia",ariseyhun@live.com.au,false,,170,127,70,2015-12-19T13:57:11Z
robskillington,Rob Skillington,CHRONOSPHEREIO,New York (USA) & Melbourne (Australia),,false,CTO at Chronosphere and creator of open source M3.,80,127,13,2010-07-21T11:15:54Z
gonzalo-bulnes,Gonzalo Bulnes Guilpain,,"Melbourne, Australia",,false,(RC F2'15),110,126,83,2012-04-06T16:06:24Z
heycam,Cameron McCormack,APPLE,"Melbourne, Australia",,false,墨俊凱 · Working on WebKit · 🏳️‍🌈 ·📍🇦🇺📍🇳🇿📍🇹🇼,56,126,0,2012-02-29T07:50:36Z
tyconsulting,Tao Yang,TY CONSULTING,"Melbourne, Australia",,false,,61,126,14,2015-04-08T02:36:28Z
colby-swandale,Colby Swandale,RUBYCENTRAL,"Melbourne, Australia",,false,,30,125,1,2011-08-22T13:41:54Z
rsharankumar,Sharan,,Melbourne,rsharankumar@gmail.com,false,Data Scientist | Author | Mentor,25,125,11,2012-12-19T05:23:03Z
bulkan,Savun Bulkan Evcimen,,"Australia, Melbourne",,false,,84,124,24,2008-06-17T03:01:55Z
theminecoder,Jackson,,"Melbourne, Australia",theminecoder.dev@gmail.com,true,Developer of too many things.,45,124,83,2012-02-01T01:34:41Z
buntine,Andrew Buntine,STAFF ENGINEER @CULTUREAMP,"Melbourne, Australia",info@bunts.io,true,Conjurer of computational spells and trickery.,89,124,29,2008-06-17T12:03:38Z
collibra,Collibra,,"Brussels, Wroclaw, New York, London, Paris, Prague, Madrid, Melbourne",,false,Data Intelligence Company,16,124,0,2012-02-17T11:12:57Z
JiashuWu,Jiashu Wu,CHINESE ACADEMY OF SCIENCES,Beijing | Shenzhen | Melbourne | Sydney,wujiashu21@mails.ucas.ac.cn,true,"Jiashu Wu 吴嘉澍
",6,123,134,2017-06-03T11:12:44Z
NETTUTS,Nettuts+ Staff,,"Melbourne, Australia",,false,,31,123,0,2009-01-14T22:20:19Z
dgoodlad,David Goodlad,GETQSIC,"Melbourne, Australia",david@goodlad.net,false,"Builder of random things. 👴
 CTO of Qsic",107,122,7,2008-02-19T00:53:01Z
matthaywardwebdesign,Matt Hayward,PIPELABS,Melbourne,matt@matthayward.com.au,true,"I'm a young, passionate and enthusiastic Software Engineer looking to change the world through the use of technology. RMIT University, Melbourne, Australia.",35,119,11,2013-12-10T23:01:38Z
danilodelucio,Danilo de Lucio,,"Melbourne, Australia",,false,"
    VFX Artist | Programing for fun.
",23,119,140,2019-01-31T19:49:35Z
KyeOnDiscord,Kye,,"Melbourne, Australia",kye@proswapper.xyz,false,18 | Just a programmer wanting to learn as much as possible.,76,119,56,2018-03-02T06:27:54Z
corsc,Corey Scott,GRAB / OVO,"Melbourne, Australia",,false,"Currently working as a Principal Engineer at @LippoDigitalOVO & @Grab.

Author of Beyond Effective Go https://bit.ly/3EDgitA",15,119,24,2012-03-20T10:00:21Z
andycasey,Andy Casey,MONASH UNIVERSITY,Melbourne / New York,,true,,196,118,81,2010-12-01T05:24:44Z
sayboras,Tam Mach,,"Melbourne, Australia",sayboras@yahoo.com,true,"A software engineer who would like to learn one or two new things daily. 

I am currently learning golang and networking in @cilium.
",60,118,79,2014-10-04T15:25:40Z
beekhof,Andrew Beekhof,RED HAT,Melbourne,,false,"Best known for his work on Pacemaker, Andrew is a Senior Principal Software Engineer who helps teams meet their high availability requirements.",93,117,1,2009-08-12T21:12:22Z
kawarimidoll,カワリミ人形,,"Melbourne, Australia",kawarimidoll+git@gmail.com,false,"He who develops a software should look to it that he himself does not become a software. And if you gaze long into codes, the codes also gazes into you.",216,117,3,2014-07-13T00:36:21Z
heykarimoff,Mukhammad Karimov,"ACKAMA, @COMMONCODE, @DATATRUCK","Melbourne, Australia",,true,25 y.o. developer from Tashkent,109,116,36,2015-01-22T14:33:06Z
luvuong-le,Lu-Vuong Le,DIGIO,"Melbourne, Australia",lu-vuongle@hotmail.com,true,"Developer 
Passionate about all Software Development Aspects 🚀 🔥 🌟
",54,116,55,2017-01-13T12:18:07Z
ricobl,Enrico Batista da Luz,ENVATO,Melbourne - Australia,rico.bl@gmail.com,false,,18,116,117,2009-10-02T12:13:08Z
esteinig,Eike Steinig,"VICTORIAN INFECTIOUS DISEASE REFERENCE LABORATORY (VIDRL), THE PETER DOHERTY INSTITUTE FOR INFECTION AND IMMUNITY (PDI)","Melbourne, Australia",,false,Bioinformatics | Infectious Diseases | Nanopore | Metagenomic Diagnostics | Software Development ,68,115,66,2015-06-13T14:35:32Z
adam-gruer,Adam Gruer,EPA VICTORIA,"Melbourne, Victoria, Australia",,false,Data Scientist at EPA Victoria,144,115,249,2011-03-21T09:29:03Z
rotorgames,Kirill,,"Melbourne, Australia",,false,,61,115,0,2012-05-29T20:22:58Z
Adnan25z,Adnan,,"Melbourne, Australia",,true,,21,114,121,2022-03-04T00:24:59Z
paulstefanday,Paul Day,,"Melbourne, Australia",paul@paulday.com.au,false,I work on startups & campaigning tools for non profits,32,114,996,2012-06-05T06:36:03Z
bryceadams,Bryce Adams,METORIKHQ,Melbourne,,false,Building @metorikhq,29,114,41,2012-03-13T11:17:46Z
AaronLiftig,Aaron Liftig,,"Melbourne, Australia",aaronliftig@gmail.com,false,"Full Stack Developer | Python, JavaScript, C#, Machine Learning | Creator of AurumAdorned.com | Let's collaborate.",14,114,14,2019-04-15T19:41:24Z
vinisalazar,Vini Salazar,,Melbourne / Floripa,,false,Microbial oceanography and research software engineering,125,114,169,2016-02-16T16:56:09Z
chongjason914,Jason Chong,,"Melbourne, Australia",,true,"Actuary, Data Scientist",16,113,2,2020-07-18T06:12:39Z
alecthegeek,Alec Clews,ALEC THE GEEK TECHNOLOGY,"Bunurong Land, Melbourne, Australia ",,true,"Old school software geek who hacks on Raspberry Pi, containers, Arduino etc.

Works at Alec The Geek Tech helping local folks be productive with their devices",103,113,99,2008-06-17T07:00:13Z
Team-Nando,Team Nando - Public Repositories,,The University of Melbourne,luis.ochoa@unimelb.edu.au,false,,19,113,0,2020-06-01T12:03:00Z
Sportsbet-Internal,Sportsbet,,"Melbourne, Australia",,false,,0,113,0,2017-07-25T01:58:46Z
TrustAGI-Lab,Trustworthy AGI (TrustAGI) Lab,,"Melbourne, Australia",,false,"TrustAGI Lab, Led by Shirui Pan",32,112,0,2021-05-12T03:37:09Z
peterwilsoncc,Peter Wilson,,"Melbourne, Australia",,false,I help make WordPress to democratise publishing. ,101,112,30,2010-12-12T07:22:27Z
pauldhunt,Paul D. Hunt,ADOBE,"Melbourne, AU",phunt@adobe.com,false,,16,112,19,2012-08-08T22:58:16Z
rossp,Ross Poulton,,"Melbourne, Australia",,false,,8,112,1,2009-06-03T01:56:42Z
seek-oss,seek-oss,,"Melbourne, Australia",,false,"Open sourcery from Australia's no. 1 jobs, employment, career and recruitment site.",100,112,0,2016-10-19T03:38:48Z
michaeltaranto,Michael Taranto,SEEK-OSS,Melbourne,,false,,27,110,6,2011-07-13T06:39:17Z
pazaan,Lennart Goedhart,,"Melbourne, Australia",,false,,24,110,8,2009-06-19T06:39:19Z
Gnzlt,Gonzalo Toledano,ANZX,"Melbourne, Australia",hi@gnzlt.com,false,Android @ANZx,31,109,79,2013-09-06T09:57:53Z
jacobh,Jacob Haslehurst,AMBERELECTRIC,"Melbourne, Australia",,false,,71,109,31,2010-09-21T04:40:56Z
eastrd,Runtime Terror,,"Melbourne, Australia",,true,MAD SCIENTIST,75,108,63,2015-07-26T00:38:31Z
RenWenshan,Wenshan,,"Melbourne, Australia",,false,,18,108,110,2011-01-22T23:16:47Z
Zemerik,Hemang Yadav,OPEN SOURCE DEVELOPER,"Melbourne, Australia",zemerikY@gmail.com,true,💻Passionate Developer + 💪Expertise in Web-Development +  🎓Open-Source Enthusiast + 🏆Content Creator,17,107,23,2023-05-17T10:09:26Z
ned2,Ned Letcher,THOUGHTWORKS,"Melbourne, Australia",,false,"Tags: data science, NLP, Python, web dev, cloud tech, coffee, juggling, running. 
",60,107,277,2012-11-19T05:10:41Z
PaulBone,Paul Bone,MOZILLA,"Melbourne, Australia",,false,"
    Mozilla engineer, @PlasmaLang author. Interested in programming language implementation (compilers and runtimes) and parallelism.
",34,107,91,2012-12-28T00:56:32Z
kouky,Michael Koukoullis,,"Melbourne, Australia",mike@kouky.org,false,"Dad & Partner. Software Engineer taking a break, ex @square + @cashapp
, ex @Canva. Angel investor @buildkite.",46,105,32,2008-02-23T09:03:22Z
franciskim,Francis Kim,,"Melbourne, Australia",francis@art.tech,true,Founding Engineer at Art.Tech,40,105,88,2012-04-04T00:06:11Z
ziplab,Zhuang Intelligent Processing Lab,,"Melbourne, Australia",,false,,23,104,0,2021-02-25T11:28:36Z
junhaow1,Kevin Wang,SII,"Melbourne,Australia",kevinwjh520@gmail.com,true,"Software Engineer
👨‍💻 Postgrad at ANU (Software)
📚 Undergrad at the University of Melbourne (Computing and software).",26,104,24,2018-03-25T10:50:00Z
Gurenax,Glenn Dimaliwat,JBHI-FI,"Melbourne, Australia",glenn.dimaliwat@gmail.com,false,,171,104,102,2012-05-14T06:20:30Z
roachhd,Lachlan Seward,ROACH HAUS,Melbourne,,false,Locky from Melbourne,943,103,66,2013-02-04T11:09:15Z
vadmium,Martin Panter,,"Melbourne, Australia",,true,,84,103,19,2011-09-04T01:07:21Z
quad,Scott Robinson,,"Melbourne, Australia",scott@quadhome.com,false,,85,103,34,2008-09-10T19:08:11Z
Gizmotronn,Liam Arbuckle,"SIGNAL-K, @DESCI-LABS, NEW MILLENNIUM COMMITTEE @PLANETARY-SOCIETY","Melbourne, Australia",liam@skinetics.tech,true,I'm building interactive worlds to help revolutionise citizen science & make the blockchain more eco-friendly. #DieWerkself 🎈🖤,108,102,265,2017-09-10T03:09:55Z
danmacnish,Dan Macnish,,"Melbourne, Australia",,true,"Developer, Artist and Engineer. ",16,102,1,2014-01-17T07:15:51Z
mdub,Mike Williams,,"Melbourne, AU",mdub@dogbiscuit.org,false,,102,101,15,2008-02-22T11:02:25Z
3xocyte,Matt Bush,ATLASSIAN,"Melbourne, Australia",,false,Red teamer,5,101,4,2015-09-10T12:08:41Z
Michelledng7,Michelle Deng,,"Melbourne, Australia",,true,"- Automate processes cross platform & optimize development.
- Build AI-powered Web/Mobile SaaS, eCommerce. 
                                        
",34,101,149,2017-11-19T04:52:26Z
TheDen,Denis Khoshaba,,Melbourne,github@theden.sh,true,,115,101,27,2011-06-17T08:30:57Z
yinchuandong,Johnny Yin,SAPIA.AI,Melbourne,,true,Head of Engineering,121,101,1,2013-03-28T07:39:14Z
